8 0.51325 0.7097685185185185 0.06758854166666665 0.09685185185185177
5 0.7949531249999999 0.8528703703703704 0.04173958333333327 0.04356481481481477
5 0.7708697916666666 0.9343425925925926 0.032109375000000044 0.05530555555555547
5 0.6966874999999999 0.8816944444444444 0.028255208333333334 0.04414814814814821
5 0.54175 0.8838425925925926 0.020223958333333295 0.09123148148148146
5 0.4264635416666666 0.9767129629629628 0.06582291666666672 0.04656481481481478
5 0.6290937500000001 0.7525648148148149 0.05361979166666657 0.045509259259259346
5 0.5541093749999999 0.7153240740740741 0.02247395833333338 0.030935185185185052
5 0.474875 0.5773611111111111 0.07111979166666677 0.11162037037037033
5 0.47391145833333326 0.6737962962962963 0.02102604166666661 0.02491666666666653
5 0.4513541666666666 0.6897777777777778 0.01604687499999997 0.03405555555555553
5 0.41281770833333326 0.6977685185185184 0.01604687499999997 0.021509259259259277
5 0.545921875 0.3132407407407407 0.06389583333333343 0.07124074074074078
5 0.8567708333333334 0.9588703703703703 0.024088541666666668 0.0725277777777777