5 0.436390625 0.3331388888888889 0.062171875000000064 0.07837962962962972
5 0.5119322916666665 0.5867314814814816 0.05009895833333336 0.10239814814814828
5 0.5140729166666667 0.6848796296296297 0.01221354166666669 0.02996296296296308
5 0.5434791666666666 0.6965555555555555 0.016036458333333316 0.04245370370370362
8 0.46961458333333334 0.734712962962963 0.07363020833333339 0.09976851851851852
5 0.43677083333333333 0.7235740740740741 0.017104166666666625 0.03405555555555553
5 0.36054166666666665 0.7689166666666667 0.04429687499999998 0.03787962962962949
5 0.2265625 0.9542222222222222 0.040328125000000034 0.058333333333333334
5 0.19249479166666666 0.8627222222222223 0.03818750000000003 0.049055555555555574
5 0.28996354166666666 0.897888888888889 0.029630208333333387 0.04065740740740748
5 0.4514375 0.8885277777777778 0.02443750000000004 0.0952314814814814