8 0.48362499999999997 0.3288981481481481 0.07096354166666667 0.10224999999999995
5 0.8602187499999999 0.06265740740740741 0.022958333333333296 0.06986111111111112
5 0.7715104166666666 0.11387962962962964 0.026968750000000104 0.05585185185185185
5 0.7817864583333333 0.18394444444444444 0.041098958333333255 0.038407407407407425
5 0.6833645833333333 0.14399074074074072 0.02407812500000001 0.0441296296296296
5 0.534203125 0.13299999999999998 0.017979166666666657 0.08037962962962963
5 0.4198020833333333 0.08077777777777775 0.07336979166666661 0.09924074074074074
5 0.4658020833333333 0.45902777777777776 0.08348437499999999 0.11587962962962971
5 0.5203125 0.7358425925925927 0.06887499999999995 0.07007407407407414
5 0.6201041666666666 0.2778240740740741 0.03884895833333341 0.04462962962962967
5 0.5462447916666666 0.3083611111111111 0.02279166666666678 0.040620370370370376