5 0.20521874999999998 0.06813888888888882 0.041494791666666704 0.0665277777777778
5 0.2835104166666666 0.07849999999999997 0.02485937500000001 0.075074074074074
5 0.302203125 0.39506481481481476 0.04509895833333341 0.0712777777777778
5 0.26541666666666663 0.41594444444444445 0.028119791666666553 0.07341666666666663
5 0.1375572916666666 0.7671018518518519 0.024515625000000086 0.06262962962962972
5 0.11886458333333334 0.8405648148148147 0.02485937500000001 0.06937037037037044
5 0.9095156249999999 0.7363148148148149 0.04887500000000008 0.062000000000000034
5 0.910546875 0.9224074074074075 0.04064583333333331 0.05935185185185177
7 0.772140625 0.5515925925925926 0.04167187499999988 0.09482407407407414
7 0.7684531250000001 0.8878148148148148 0.032583333333333304 0.102925925925926
5 0.8064427083333333 0.7898055555555555 0.03481250000000007 0.050138888888888976