8 0.5013697916666666 0.694925925925926 0.06630729166666657 0.09570370370370382
5 0.8569270833333333 0.9487592592592593 0.017979166666666657 0.06415740740740737
5 0.789171875 0.837462962962963 0.039817708333333236 0.04698148148148149
5 0.7698229166666667 0.9130833333333334 0.01878124999999997 0.04987037037037028
5 0.6905104166666667 0.8685648148148147 0.027130208333333173 0.04642592592592581
5 0.6234739583333334 0.743287037037037 0.04559374999999998 0.04692592592592598
5 0.5364479166666667 0.8745648148148147 0.019260416666666676 0.09265740740740736
5 0.4185989583333333 0.9654722222222223 0.07577604166666656 0.0690555555555555
5 0.5468854166666667 0.7067592592592592 0.017656250000000047 0.03092592592592601
5 0.47343229166666667 0.5647962962962964 0.07786458333333333 0.10933333333333327
5 0.46499999999999997 0.6655277777777777 0.017656250000000047 0.031194444444444493
5 0.4479791666666666 0.6869259259259259 0.00930729166666661 0.03976851851851856
5 0.4095260416666667 0.6927777777777778 0.020703125 0.03149074074074073
5 0.5352447916666667 0.2924166666666666 0.06020312500000002 0.07523148148148148