5 0.79478125 0.06813888888888882 0.041494791666666704 0.0665277777777778
5 0.7164895833333333 0.07849999999999997 0.02485937500000001 0.075074074074074
5 0.697796875 0.39506481481481476 0.04509895833333341 0.0712777777777778
5 0.7345833333333334 0.41594444444444445 0.028119791666666553 0.07341666666666663
5 0.8624427083333334 0.7671018518518519 0.024515625000000086 0.06262962962962972
5 0.8811354166666666 0.8405648148148147 0.02485937500000001 0.06937037037037044
5 0.09048437499999999 0.7363148148148149 0.04887499999999999 0.062000000000000034
5 0.089453125 0.9224074074074075 0.040645833333333346 0.05935185185185177
7 0.227859375 0.5515925925925926 0.041671875 0.09482407407407414
7 0.23154687499999999 0.8878148148148148 0.03258333333333337 0.102925925925926
5 0.19355729166666666 0.7898055555555555 0.03481250000000002 0.050138888888888976