7 0.25307291666666665 0.47492592592592586 0.042703125 0.09663888888888894
5 0.126671875 0.27908333333333335 0.06568749999999998 0.07083333333333333
5 0.03963020833333333 0.1675185185185185 0.06654166666666667 0.05625925925925925
5 0.12006770833333333 0.07301851851851852 0.036015625000000016 0.05021296296296295
5 0.92015625 0.17437037037037037 0.020572916666666666 0.06997222222222221
5 0.9018906250000001 0.2540833333333334 0.021083333333333343 0.05377777777777779
5 0.7236041666666666 0.6331296296296296 0.04321354166666656 0.09107407407407399
5 0.7615104166666666 0.6107314814814815 0.022286458333333314 0.07187962962962952
5 0.746671875 0.9585370370370371 0.029661458333333238 0.0649907407407408
5 0.8232552083333334 0.9577685185185186 0.053156249999999974 0.08175925925925932
7 0.251359375 0.1348888888888889 0.03927083333333335 0.09712037037037036
5 0.21473958333333334 0.2269537037037037 0.03189583333333334 0.04708333333333335