7 0.25307291666666665 0.5250740740740741 0.042703125 0.096638888888889
5 0.126671875 0.7209166666666665 0.0656875 0.07083333333333333
5 0.03963020833333333 0.8324814814814815 0.06654166666666667 0.05625925925925925
5 0.12006770833333333 0.9269814814814814 0.036015625000000016 0.050212962962962876
5 0.92015625 0.8256296296296297 0.020572916666666666 0.06997222222222216
5 0.9018906250000001 0.7459166666666666 0.021083333333333343 0.05377777777777771
5 0.7236041666666666 0.3668703703703704 0.04321354166666656 0.09107407407407399
5 0.7615104166666666 0.3892685185185185 0.022286458333333314 0.07187962962962952
5 0.746671875 0.04146296296296294 0.029661458333333238 0.0649907407407408
5 0.8232552083333334 0.04223148148148139 0.053156249999999974 0.08175925925925932
7 0.251359375 0.865111111111111 0.03927083333333338 0.09712037037037025
5 0.21473958333333334 0.7730462962962963 0.03189583333333334 0.04708333333333346