8 0.51325 0.2902314814814815 0.06758854166666665 0.09685185185185187
5 0.7949531249999999 0.14712962962962964 0.04173958333333327 0.04356481481481483
5 0.7708697916666666 0.0656574074074074 0.032109375000000044 0.055305555555555545
5 0.6966874999999999 0.11830555555555554 0.028255208333333334 0.04414814814814815
5 0.54175 0.1161574074074074 0.020223958333333295 0.09123148148148148
5 0.4264635416666666 0.023287037037037037 0.06582291666666672 0.04656481481481482
5 0.6290937500000001 0.2474351851851852 0.05361979166666657 0.045509259259259235
5 0.5541093749999999 0.2846759259259259 0.02247395833333338 0.030935185185185156
5 0.474875 0.42263888888888895 0.07111979166666677 0.11162037037037033
5 0.47391145833333326 0.3262037037037037 0.02102604166666661 0.024916666666666636
5 0.4513541666666666 0.31022222222222223 0.01604687499999997 0.03405555555555553
5 0.41281770833333326 0.3022314814814815 0.01604687499999997 0.021509259259259277
5 0.545921875 0.6867592592592593 0.06389583333333343 0.07124074074074078
5 0.8567708333333334 0.041129629629629634 0.024088541666666668 0.07252777777777779