8 0.48674999999999996 0.2902314814814815 0.06758854166666665 0.09685185185185187
5 0.205046875 0.14712962962962964 0.04173958333333332 0.04356481481481483
5 0.22913020833333334 0.0656574074074074 0.03210937499999999 0.055305555555555545
5 0.3033125 0.11830555555555554 0.028255208333333334 0.044148148148148145
5 0.45825 0.1161574074074074 0.020223958333333295 0.09123148148148148
5 0.5735364583333333 0.023287037037037037 0.06582291666666672 0.04656481481481482
5 0.37090625 0.2474351851851852 0.05361979166666669 0.045509259259259235
5 0.445890625 0.2846759259259259 0.02247395833333338 0.030935185185185156
5 0.525125 0.42263888888888895 0.0711197916666667 0.11162037037037038
5 0.5260885416666667 0.3262037037037037 0.02102604166666667 0.024916666666666636
5 0.5486458333333334 0.31022222222222223 0.01604687499999997 0.03405555555555553
5 0.5871822916666667 0.3022314814814815 0.01604687499999997 0.021509259259259277
5 0.454078125 0.6867592592592593 0.06389583333333336 0.07124074074074078
5 0.14322916666666666 0.041129629629629634 0.024088541666666668 0.07252777777777779