7 0.7678489583333333 0.5377222222222222 0.039958333333333464 0.10061111111111119
5 0.8961406249999999 0.7331111111111112 0.06328645833333345 0.06474074074074081
5 0.975984375 0.8263888888888888 0.048031249999999893 0.06845370370370377
5 0.8979374999999999 0.9239351851851854 0.041161458333333435 0.05630555555555561
5 0.2745052083333333 0.06965740740740742 0.0325781250000001 0.06348148148148143
5 0.2942291666666667 0.3857685185185185 0.04458333333333329 0.06791666666666658
5 0.258984375 0.4064907407407407 0.04097916666666658 0.08499999999999996
5 0.12194791666666673 0.7576481481481482 0.03103124999999996 0.05591666666666655
5 0.1084895833333333 0.8355277777777778 0.03326041666666673 0.05016666666666673
7 0.7655364583333333 0.8773055555555556 0.030182291666666573 0.10932407407407402
5 0.7964947916666667 0.7760925925925927 0.03206770833333342 0.05927777777777776