5 0.436390625 0.6668611111111111 0.062171875000000064 0.07837962962962972
5 0.5119322916666665 0.4132685185185185 0.050098958333333304 0.10239814814814818
5 0.5140729166666667 0.31512037037037033 0.01221354166666669 0.029962962962962976
5 0.5434791666666666 0.30344444444444446 0.016036458333333316 0.04245370370370372
8 0.46961458333333334 0.26528703703703704 0.07363020833333339 0.09976851851851852
5 0.43677083333333333 0.27642592592592596 0.017104166666666625 0.03405555555555553
5 0.36054166666666665 0.23108333333333334 0.04429687499999998 0.0378796296296296
5 0.2265625 0.04577777777777778 0.040328125000000034 0.058333333333333334
5 0.19249479166666666 0.13727777777777778 0.03818750000000003 0.04905555555555556
5 0.28996354166666666 0.10211111111111111 0.029630208333333387 0.04065740740740742
5 0.4514375 0.11147222222222222 0.02443750000000004 0.09523148148148147