5 0.7917395833333333 0.15812037037037038 0.03853125000000001 0.041555555555555554
5 0.8562864583333333 0.04312962962962963 0.015416666666666618 0.0651111111111111
5 0.7698229166666667 0.0765 0.01878124999999997 0.05643518518518517
5 0.6934791666666666 0.12301851851851853 0.02504166666666663 0.043287037037037034
5 0.6263645833333332 0.25128703703703703 0.0417395833333335 0.04636111111111116
5 0.53765625 0.11701851851851851 0.016854166666666674 0.08951851851851853
5 0.5488125 0.29024074074074074 0.021510416666666525 0.028361111111111108
5 0.4227708333333334 0.03099074074074074 0.07128125000000006 0.06198148148148148
5 0.47391145833333326 0.43277777777777776 0.06919270833333328 0.11133333333333334
5 0.4698177083333333 0.32949074074074075 0.017656250000000047 0.030157407407407452
5 0.5403020833333334 0.6994537037037036 0.06550520833333333 0.08293518518518513
5 0.44894270833333333 0.31221296296296297 0.011234375000000085 0.04148148148148144
5 0.40840104166666674 0.30550925925925926 0.024880208333333324 0.0349166666666667
8 0.5077083333333333 0.29637037037037034 0.07096354166666667 0.09884259259259259