8 0.516375 0.3288981481481481 0.07096354166666667 0.10224999999999995
5 0.13978125 0.06265740740740741 0.02295833333333334 0.06986111111111112
5 0.22848958333333333 0.11387962962962964 0.026968749999999986 0.05585185185185186
5 0.21821354166666668 0.18394444444444444 0.04109895833333332 0.038407407407407425
5 0.31663541666666667 0.14399074074074072 0.02407812500000001 0.0441296296296296
5 0.465796875 0.13299999999999998 0.017979166666666657 0.08037962962962963
5 0.5801979166666666 0.08077777777777775 0.07336979166666661 0.09924074074074074
5 0.5341979166666667 0.45902777777777776 0.08348437499999999 0.11587962962962967
5 0.4796875 0.7358425925925927 0.068875 0.07007407407407414
5 0.3798958333333333 0.2778240740740741 0.03884895833333329 0.04462962962962967
5 0.4537552083333333 0.3083611111111111 0.02279166666666666 0.040620370370370376