5 0.5325989583333334 0.28955555555555557 0.05972395833333343 0.06381481481481488
5 0.4715052083333333 0.5566666666666666 0.07401041666666662 0.11874074074074074
5 0.42028645833333333 0.953324074074074 0.07433333333333322 0.07900000000000004
5 0.8566874999999999 0.9480462962962964 0.022312500000000075 0.06558333333333337
5 0.7888489583333332 0.8328981481481481 0.042385416666666724 0.0492592592592593
5 0.6900260416666666 0.866712962962963 0.026166666666666553 0.03986111111111107
5 0.6223489583333333 0.7384351851851851 0.04013541666666664 0.04292592592592604
5 0.5355677083333333 0.8754166666666667 0.01909895833333337 0.07725000000000005
8 0.49454166666666666 0.6857962962962963 0.07995312500000011 0.10025925925925923
5 0.5466458333333333 0.7007685185185184 0.021989583333333465 0.036064814814814855
5 0.7689427083333332 0.9076574074074074 0.028255208333333334 0.05043518518518521