7 0.23215104166666667 0.4622777777777778 0.039958333333333346 0.10061111111111114
5 0.10385937500000002 0.2668888888888889 0.06328645833333334 0.06474074074074072
5 0.024015625 0.1736111111111111 0.04803125 0.06845370370370371
5 0.1020625 0.07606481481481482 0.04116145833333335 0.05630555555555556
5 0.7254947916666666 0.9303425925925926 0.0325781250000001 0.06348148148148143
5 0.7057708333333333 0.6142314814814814 0.04458333333333329 0.06791666666666658
5 0.741015625 0.5935092592592592 0.04097916666666658 0.08499999999999996
5 0.8780520833333333 0.24235185185185187 0.03103124999999996 0.055916666666666656
5 0.8915104166666666 0.16447222222222221 0.03326041666666673 0.05016666666666667
7 0.23446354166666666 0.12269444444444444 0.03018229166666669 0.10932407407407407
5 0.20350520833333335 0.2239074074074074 0.03206770833333336 0.05927777777777776