8 0.4986302083333333 0.3050740740740741 0.06630729166666664 0.09570370370370372
5 0.14307291666666666 0.051240740740740746 0.017979166666666657 0.06415740740740743
5 0.210828125 0.16253703703703704 0.039817708333333354 0.04698148148148149
5 0.23017708333333334 0.08691666666666667 0.01878125000000003 0.049870370370370384
5 0.3094895833333334 0.13143518518518518 0.02713020833333329 0.04642592592592591
5 0.37652604166666664 0.256712962962963 0.04559374999999998 0.046925925925925906
5 0.4635520833333333 0.12543518518518518 0.019260416666666676 0.0926574074074074
5 0.5814010416666666 0.034527777777777775 0.07577604166666656 0.06905555555555555
5 0.4531145833333333 0.29324074074074075 0.017656250000000047 0.030925925925925905
5 0.5265677083333333 0.4352037037037037 0.07786458333333333 0.10933333333333332
5 0.535 0.3344722222222222 0.017656250000000047 0.031194444444444493
5 0.5520208333333334 0.31307407407407406 0.00930729166666661 0.03976851851851856
5 0.5904739583333334 0.30722222222222223 0.020703125 0.03149074074074073
5 0.46475520833333334 0.7075833333333333 0.060203124999999955 0.07523148148148148