5 0.7825208333333333 0.9007685185185186 0.043723958333333236 0.0738611111111111
5 0.7045677083333334 0.8772962962962964 0.029833333333333437 0.07813888888888898
5 0.6875885416666667 0.594574074074074 0.04321354166666656 0.06152777777777782
5 0.7206927083333333 0.5659166666666667 0.02503124999999997 0.07007407407407414
5 0.8503489583333333 0.22055555555555553 0.022973958333333398 0.041601851851851834
5 0.8573854166666667 0.14297222222222222 0.02263020833333324 0.06572222222222224
5 0.08705208333333332 0.25622222222222224 0.05230729166666667 0.06170370370370369
5 0.07479166666666666 0.06296296296296296 0.033958333333333326 0.052046296296296306
7 0.21354166666666666 0.42615740740740743 0.037729166666666696 0.09057407407407402
7 0.21525520833333334 0.0951111111111111 0.030869791666666656 0.11269444444444443
5 0.18335416666666668 0.19205555555555553 0.022635416666666686 0.046796296296296315