7 0.22408854166666667 0.5593703703703704 0.04235937500000002 0.10123148148148141
5 0.088765625 0.7405833333333333 0.06602604166666666 0.06444444444444436
5 0.08302083333333334 0.9353611111111112 0.03807291666666665 0.051740740740740844
5 0.8547239583333333 0.7738055555555556 0.019369791666666695 0.04556481481481485
5 0.8696458333333333 0.8480277777777778 0.020401041666666706 0.0507777777777777
5 0.7136614583333334 0.09876851851851848 0.025374999999999894 0.08209259259259268
5 0.6910208333333333 0.39049074074074075 0.0500729166666666 0.08041666666666658
5 0.7254947916666666 0.42188888888888887 0.0325781250000001 0.09445370370370369
5 0.7896354166666666 0.07774074074074078 0.041494791666666704 0.07659259259259252
7 0.22383333333333333 0.8904074074074074 0.027437499999999972 0.10506481481481485
5 0.18755729166666668 0.7977314814814814 0.03309895833333331 0.0598981481481482