5 0.79478125 0.9318611111111111 0.041494791666666704 0.0665277777777778
5 0.7164895833333333 0.9215 0.02485937500000001 0.075074074074074
5 0.697796875 0.6049351851851852 0.04509895833333341 0.0712777777777778
5 0.7345833333333334 0.5840555555555556 0.028119791666666553 0.07341666666666663
5 0.8624427083333334 0.2328981481481482 0.024515625000000086 0.06262962962962965
5 0.8811354166666666 0.15943518518518518 0.02485937500000001 0.06937037037037039
5 0.09048437499999999 0.26368518518518513 0.048874999999999995 0.062000000000000006
5 0.089453125 0.07759259259259259 0.040645833333333346 0.05935185185185184
7 0.227859375 0.44840740740740737 0.041671875 0.0948240740740741
7 0.23154687499999999 0.11218518518518518 0.03258333333333337 0.10292592592592593
5 0.19355729166666666 0.21019444444444443 0.03481250000000002 0.050138888888888865