5 0.7825208333333333 0.09923148148148145 0.043723958333333236 0.0738611111111111
5 0.7045677083333334 0.12270370370370369 0.029833333333333437 0.07813888888888898
5 0.6875885416666667 0.4054259259259259 0.04321354166666656 0.06152777777777782
5 0.7206927083333333 0.43408333333333327 0.02503124999999997 0.07007407407407414
5 0.8503489583333333 0.7794444444444444 0.022973958333333398 0.04160185185185191
5 0.8573854166666667 0.8570277777777778 0.02263020833333324 0.06572222222222224
5 0.08705208333333332 0.7437777777777778 0.05230729166666667 0.06170370370370359
5 0.07479166666666666 0.937037037037037 0.033958333333333326 0.05204629629629633
7 0.21354166666666666 0.5738425925925926 0.037729166666666696 0.09057407407407402
7 0.21525520833333334 0.9048888888888889 0.030869791666666656 0.11269444444444447
5 0.18335416666666668 0.8079444444444445 0.022635416666666686 0.04679629629629626