5 0.20826041666666667 0.15812037037037038 0.03853125000000001 0.041555555555555554
5 0.14371354166666667 0.04312962962962963 0.01541666666666668 0.0651111111111111
5 0.23017708333333334 0.0765 0.01878125000000003 0.05643518518518518
5 0.3065208333333333 0.12301851851851853 0.02504166666666663 0.043287037037037034
5 0.37363541666666666 0.25128703703703703 0.041739583333333385 0.04636111111111113
5 0.46234375 0.11701851851851851 0.016854166666666615 0.08951851851851853
5 0.45118749999999996 0.29024074074074074 0.021510416666666643 0.028361111111111108
5 0.5772291666666667 0.03099074074074074 0.07128125000000006 0.06198148148148148
5 0.5260885416666667 0.43277777777777776 0.06919270833333334 0.11133333333333334
5 0.5301822916666666 0.32949074074074075 0.017656250000000047 0.030157407407407452
5 0.45969791666666665 0.6994537037037036 0.06550520833333333 0.08293518518518513
5 0.5510572916666666 0.31221296296296297 0.011234375000000085 0.04148148148148144
5 0.5915989583333333 0.30550925925925926 0.024880208333333324 0.0349166666666667
8 0.4922916666666667 0.29637037037037034 0.07096354166666667 0.09884259259259259