7 0.22408854166666667 0.44062962962962965 0.04235937500000002 0.10123148148148146
5 0.088765625 0.2594166666666667 0.06602604166666666 0.06444444444444447
5 0.08302083333333334 0.06463888888888888 0.03807291666666666 0.05174074074074074
5 0.8547239583333333 0.22619444444444445 0.019369791666666695 0.045564814814814794
5 0.8696458333333333 0.15197222222222223 0.020401041666666706 0.05077777777777781
5 0.7136614583333334 0.9012314814814815 0.025374999999999894 0.08209259259259268
5 0.6910208333333333 0.6095092592592593 0.0500729166666666 0.08041666666666658
5 0.7254947916666666 0.5781111111111111 0.0325781250000001 0.09445370370370369
5 0.7896354166666666 0.9222592592592592 0.041494791666666704 0.07659259259259252
7 0.22383333333333333 0.10959259259259259 0.027437499999999972 0.10506481481481482
5 0.18755729166666668 0.20226851851851851 0.03309895833333331 0.059898148148148145