5 0.46740104166666663 0.7104444444444444 0.05972395833333337 0.06381481481481488
5 0.5284947916666667 0.4433333333333334 0.07401041666666662 0.1187407407407408
5 0.5797135416666667 0.04667592592592592 0.07433333333333322 0.07899999999999999
5 0.1433125 0.0519537037037037 0.022312500000000016 0.06558333333333334
5 0.21115104166666668 0.16710185185185186 0.04238541666666666 0.049259259259259246
5 0.3099739583333333 0.13328703703703704 0.02616666666666667 0.039861111111111125
5 0.3776510416666667 0.2615648148148148 0.04013541666666664 0.04292592592592594
5 0.46443229166666666 0.12458333333333334 0.01909895833333337 0.07725000000000001
8 0.5054583333333333 0.3142037037037037 0.07995312500000006 0.10025925925925923
5 0.45335416666666667 0.2992314814814815 0.021989583333333347 0.036064814814814855
5 0.23105729166666666 0.0923425925925926 0.028255208333333334 0.05043518518518519